{
 "cells": [
  {
   "cell_type": "code",
   "execution_count": 1,
   "metadata": {},
   "outputs": [],
   "source": [
    "import pandas as pd"
   ]
  },
  {
   "cell_type": "code",
   "execution_count": 2,
   "metadata": {},
   "outputs": [],
   "source": [
    "df_2015 = pd.read_csv (r'2015_happiness.csv')\n",
    "#print(df_2015)\n",
    "\n",
    "df_2015 = df_2015.drop(columns=['Standard_Error', 'Family', 'Dystopia_Residual'], axis = 1)\n",
    "#2015_\n",
    "\n",
    "#print(2015_correlation_economy)\n",
    "#print(2015_correlation_health)\n",
    "#print(2015_correlation_freedom)\n",
    "#print(2015_correlation_trust)\n",
    "#print(2015_correlation_generosity)"
   ]
  },
  {
   "cell_type": "code",
   "execution_count": 3,
   "metadata": {},
   "outputs": [
    {
     "data": {
      "text/html": [
       "<div>\n",
       "<style scoped>\n",
       "    .dataframe tbody tr th:only-of-type {\n",
       "        vertical-align: middle;\n",
       "    }\n",
       "\n",
       "    .dataframe tbody tr th {\n",
       "        vertical-align: top;\n",
       "    }\n",
       "\n",
       "    .dataframe thead th {\n",
       "        text-align: right;\n",
       "    }\n",
       "</style>\n",
       "<table border=\"1\" class=\"dataframe\">\n",
       "  <thead>\n",
       "    <tr style=\"text-align: right;\">\n",
       "      <th></th>\n",
       "      <th>HappinessRank</th>\n",
       "      <th>HappinessScore</th>\n",
       "      <th>Economy</th>\n",
       "      <th>Health</th>\n",
       "      <th>Freedom</th>\n",
       "      <th>Trust</th>\n",
       "      <th>Generosity</th>\n",
       "    </tr>\n",
       "  </thead>\n",
       "  <tbody>\n",
       "    <tr>\n",
       "      <th>HappinessRank</th>\n",
       "      <td>1.000000</td>\n",
       "      <td>-0.992105</td>\n",
       "      <td>-0.785267</td>\n",
       "      <td>-0.735613</td>\n",
       "      <td>-0.556886</td>\n",
       "      <td>-0.372315</td>\n",
       "      <td>-0.160142</td>\n",
       "    </tr>\n",
       "    <tr>\n",
       "      <th>HappinessScore</th>\n",
       "      <td>-0.992105</td>\n",
       "      <td>1.000000</td>\n",
       "      <td>0.780966</td>\n",
       "      <td>0.724200</td>\n",
       "      <td>0.568211</td>\n",
       "      <td>0.395199</td>\n",
       "      <td>0.180319</td>\n",
       "    </tr>\n",
       "    <tr>\n",
       "      <th>Economy</th>\n",
       "      <td>-0.785267</td>\n",
       "      <td>0.780966</td>\n",
       "      <td>1.000000</td>\n",
       "      <td>0.816478</td>\n",
       "      <td>0.370300</td>\n",
       "      <td>0.307885</td>\n",
       "      <td>-0.010465</td>\n",
       "    </tr>\n",
       "    <tr>\n",
       "      <th>Health</th>\n",
       "      <td>-0.735613</td>\n",
       "      <td>0.724200</td>\n",
       "      <td>0.816478</td>\n",
       "      <td>1.000000</td>\n",
       "      <td>0.360477</td>\n",
       "      <td>0.248335</td>\n",
       "      <td>0.108335</td>\n",
       "    </tr>\n",
       "    <tr>\n",
       "      <th>Freedom</th>\n",
       "      <td>-0.556886</td>\n",
       "      <td>0.568211</td>\n",
       "      <td>0.370300</td>\n",
       "      <td>0.360477</td>\n",
       "      <td>1.000000</td>\n",
       "      <td>0.493524</td>\n",
       "      <td>0.373916</td>\n",
       "    </tr>\n",
       "    <tr>\n",
       "      <th>Trust</th>\n",
       "      <td>-0.372315</td>\n",
       "      <td>0.395199</td>\n",
       "      <td>0.307885</td>\n",
       "      <td>0.248335</td>\n",
       "      <td>0.493524</td>\n",
       "      <td>1.000000</td>\n",
       "      <td>0.276123</td>\n",
       "    </tr>\n",
       "    <tr>\n",
       "      <th>Generosity</th>\n",
       "      <td>-0.160142</td>\n",
       "      <td>0.180319</td>\n",
       "      <td>-0.010465</td>\n",
       "      <td>0.108335</td>\n",
       "      <td>0.373916</td>\n",
       "      <td>0.276123</td>\n",
       "      <td>1.000000</td>\n",
       "    </tr>\n",
       "  </tbody>\n",
       "</table>\n",
       "</div>"
      ],
      "text/plain": [
       "                HappinessRank  HappinessScore   Economy    Health   Freedom  \\\n",
       "HappinessRank        1.000000       -0.992105 -0.785267 -0.735613 -0.556886   \n",
       "HappinessScore      -0.992105        1.000000  0.780966  0.724200  0.568211   \n",
       "Economy             -0.785267        0.780966  1.000000  0.816478  0.370300   \n",
       "Health              -0.735613        0.724200  0.816478  1.000000  0.360477   \n",
       "Freedom             -0.556886        0.568211  0.370300  0.360477  1.000000   \n",
       "Trust               -0.372315        0.395199  0.307885  0.248335  0.493524   \n",
       "Generosity          -0.160142        0.180319 -0.010465  0.108335  0.373916   \n",
       "\n",
       "                   Trust  Generosity  \n",
       "HappinessRank  -0.372315   -0.160142  \n",
       "HappinessScore  0.395199    0.180319  \n",
       "Economy         0.307885   -0.010465  \n",
       "Health          0.248335    0.108335  \n",
       "Freedom         0.493524    0.373916  \n",
       "Trust           1.000000    0.276123  \n",
       "Generosity      0.276123    1.000000  "
      ]
     },
     "execution_count": 3,
     "metadata": {},
     "output_type": "execute_result"
    }
   ],
   "source": [
    "df_2015.corr()"
   ]
  },
  {
   "cell_type": "code",
   "execution_count": 4,
   "metadata": {},
   "outputs": [],
   "source": [
    "df_2016 = pd.read_csv (r'2016_happiness.csv')\n",
    "\n",
    "df_2016 = df_2016.drop(columns=['Lower_Confidence_Interval', 'Upper_Confidence_Interval', 'Family', 'Dystopia_Residual'], axis = 1)\n",
    "\n",
    "#print(df_2016)"
   ]
  },
  {
   "cell_type": "code",
   "execution_count": 5,
   "metadata": {},
   "outputs": [
    {
     "data": {
      "text/html": [
       "<div>\n",
       "<style scoped>\n",
       "    .dataframe tbody tr th:only-of-type {\n",
       "        vertical-align: middle;\n",
       "    }\n",
       "\n",
       "    .dataframe tbody tr th {\n",
       "        vertical-align: top;\n",
       "    }\n",
       "\n",
       "    .dataframe thead th {\n",
       "        text-align: right;\n",
       "    }\n",
       "</style>\n",
       "<table border=\"1\" class=\"dataframe\">\n",
       "  <thead>\n",
       "    <tr style=\"text-align: right;\">\n",
       "      <th></th>\n",
       "      <th>HappinessRank</th>\n",
       "      <th>HappinessScore</th>\n",
       "      <th>Economy</th>\n",
       "      <th>Health</th>\n",
       "      <th>Freedom</th>\n",
       "      <th>Trust</th>\n",
       "      <th>Generosity</th>\n",
       "    </tr>\n",
       "  </thead>\n",
       "  <tbody>\n",
       "    <tr>\n",
       "      <th>HappinessRank</th>\n",
       "      <td>1.000000</td>\n",
       "      <td>-0.995743</td>\n",
       "      <td>-0.793577</td>\n",
       "      <td>-0.767991</td>\n",
       "      <td>-0.557169</td>\n",
       "      <td>-0.387102</td>\n",
       "      <td>-0.145369</td>\n",
       "    </tr>\n",
       "    <tr>\n",
       "      <th>HappinessScore</th>\n",
       "      <td>-0.995743</td>\n",
       "      <td>1.000000</td>\n",
       "      <td>0.790322</td>\n",
       "      <td>0.765384</td>\n",
       "      <td>0.566827</td>\n",
       "      <td>0.402032</td>\n",
       "      <td>0.156848</td>\n",
       "    </tr>\n",
       "    <tr>\n",
       "      <th>Economy</th>\n",
       "      <td>-0.793577</td>\n",
       "      <td>0.790322</td>\n",
       "      <td>1.000000</td>\n",
       "      <td>0.837067</td>\n",
       "      <td>0.362283</td>\n",
       "      <td>0.294185</td>\n",
       "      <td>-0.025531</td>\n",
       "    </tr>\n",
       "    <tr>\n",
       "      <th>Health</th>\n",
       "      <td>-0.767991</td>\n",
       "      <td>0.765384</td>\n",
       "      <td>0.837067</td>\n",
       "      <td>1.000000</td>\n",
       "      <td>0.341199</td>\n",
       "      <td>0.249583</td>\n",
       "      <td>0.075987</td>\n",
       "    </tr>\n",
       "    <tr>\n",
       "      <th>Freedom</th>\n",
       "      <td>-0.557169</td>\n",
       "      <td>0.566827</td>\n",
       "      <td>0.362283</td>\n",
       "      <td>0.341199</td>\n",
       "      <td>1.000000</td>\n",
       "      <td>0.502054</td>\n",
       "      <td>0.361751</td>\n",
       "    </tr>\n",
       "    <tr>\n",
       "      <th>Trust</th>\n",
       "      <td>-0.387102</td>\n",
       "      <td>0.402032</td>\n",
       "      <td>0.294185</td>\n",
       "      <td>0.249583</td>\n",
       "      <td>0.502054</td>\n",
       "      <td>1.000000</td>\n",
       "      <td>0.305930</td>\n",
       "    </tr>\n",
       "    <tr>\n",
       "      <th>Generosity</th>\n",
       "      <td>-0.145369</td>\n",
       "      <td>0.156848</td>\n",
       "      <td>-0.025531</td>\n",
       "      <td>0.075987</td>\n",
       "      <td>0.361751</td>\n",
       "      <td>0.305930</td>\n",
       "      <td>1.000000</td>\n",
       "    </tr>\n",
       "  </tbody>\n",
       "</table>\n",
       "</div>"
      ],
      "text/plain": [
       "                HappinessRank  HappinessScore   Economy    Health   Freedom  \\\n",
       "HappinessRank        1.000000       -0.995743 -0.793577 -0.767991 -0.557169   \n",
       "HappinessScore      -0.995743        1.000000  0.790322  0.765384  0.566827   \n",
       "Economy             -0.793577        0.790322  1.000000  0.837067  0.362283   \n",
       "Health              -0.767991        0.765384  0.837067  1.000000  0.341199   \n",
       "Freedom             -0.557169        0.566827  0.362283  0.341199  1.000000   \n",
       "Trust               -0.387102        0.402032  0.294185  0.249583  0.502054   \n",
       "Generosity          -0.145369        0.156848 -0.025531  0.075987  0.361751   \n",
       "\n",
       "                   Trust  Generosity  \n",
       "HappinessRank  -0.387102   -0.145369  \n",
       "HappinessScore  0.402032    0.156848  \n",
       "Economy         0.294185   -0.025531  \n",
       "Health          0.249583    0.075987  \n",
       "Freedom         0.502054    0.361751  \n",
       "Trust           1.000000    0.305930  \n",
       "Generosity      0.305930    1.000000  "
      ]
     },
     "execution_count": 5,
     "metadata": {},
     "output_type": "execute_result"
    }
   ],
   "source": [
    "df_2016.corr()"
   ]
  },
  {
   "cell_type": "code",
   "execution_count": 6,
   "metadata": {},
   "outputs": [],
   "source": [
    "df_2017 = pd.read_csv (r'2017_happiness.csv')\n",
    "\n",
    "df_2017 = df_2017.drop(columns=['Whisker_high', 'Whisker_low', 'Family', 'Dystopia_Residual'], axis = 1)\n",
    "\n",
    "#print(df_2017)"
   ]
  },
  {
   "cell_type": "code",
   "execution_count": 7,
   "metadata": {},
   "outputs": [
    {
     "data": {
      "text/html": [
       "<div>\n",
       "<style scoped>\n",
       "    .dataframe tbody tr th:only-of-type {\n",
       "        vertical-align: middle;\n",
       "    }\n",
       "\n",
       "    .dataframe tbody tr th {\n",
       "        vertical-align: top;\n",
       "    }\n",
       "\n",
       "    .dataframe thead th {\n",
       "        text-align: right;\n",
       "    }\n",
       "</style>\n",
       "<table border=\"1\" class=\"dataframe\">\n",
       "  <thead>\n",
       "    <tr style=\"text-align: right;\">\n",
       "      <th></th>\n",
       "      <th>HappinessRank</th>\n",
       "      <th>HappinessScore</th>\n",
       "      <th>Economy</th>\n",
       "      <th>Health</th>\n",
       "      <th>Freedom</th>\n",
       "      <th>Generosity</th>\n",
       "      <th>Trust</th>\n",
       "    </tr>\n",
       "  </thead>\n",
       "  <tbody>\n",
       "    <tr>\n",
       "      <th>HappinessRank</th>\n",
       "      <td>1.000000</td>\n",
       "      <td>-0.992774</td>\n",
       "      <td>-0.813244</td>\n",
       "      <td>-0.780716</td>\n",
       "      <td>-0.551608</td>\n",
       "      <td>-0.132620</td>\n",
       "      <td>-0.405842</td>\n",
       "    </tr>\n",
       "    <tr>\n",
       "      <th>HappinessScore</th>\n",
       "      <td>-0.992774</td>\n",
       "      <td>1.000000</td>\n",
       "      <td>0.812469</td>\n",
       "      <td>0.781951</td>\n",
       "      <td>0.570137</td>\n",
       "      <td>0.155256</td>\n",
       "      <td>0.429080</td>\n",
       "    </tr>\n",
       "    <tr>\n",
       "      <th>Economy</th>\n",
       "      <td>-0.813244</td>\n",
       "      <td>0.812469</td>\n",
       "      <td>1.000000</td>\n",
       "      <td>0.843077</td>\n",
       "      <td>0.369873</td>\n",
       "      <td>-0.019011</td>\n",
       "      <td>0.350944</td>\n",
       "    </tr>\n",
       "    <tr>\n",
       "      <th>Health</th>\n",
       "      <td>-0.780716</td>\n",
       "      <td>0.781951</td>\n",
       "      <td>0.843077</td>\n",
       "      <td>1.000000</td>\n",
       "      <td>0.349827</td>\n",
       "      <td>0.063191</td>\n",
       "      <td>0.279752</td>\n",
       "    </tr>\n",
       "    <tr>\n",
       "      <th>Freedom</th>\n",
       "      <td>-0.551608</td>\n",
       "      <td>0.570137</td>\n",
       "      <td>0.369873</td>\n",
       "      <td>0.349827</td>\n",
       "      <td>1.000000</td>\n",
       "      <td>0.316083</td>\n",
       "      <td>0.499183</td>\n",
       "    </tr>\n",
       "    <tr>\n",
       "      <th>Generosity</th>\n",
       "      <td>-0.132620</td>\n",
       "      <td>0.155256</td>\n",
       "      <td>-0.019011</td>\n",
       "      <td>0.063191</td>\n",
       "      <td>0.316083</td>\n",
       "      <td>1.000000</td>\n",
       "      <td>0.294159</td>\n",
       "    </tr>\n",
       "    <tr>\n",
       "      <th>Trust</th>\n",
       "      <td>-0.405842</td>\n",
       "      <td>0.429080</td>\n",
       "      <td>0.350944</td>\n",
       "      <td>0.279752</td>\n",
       "      <td>0.499183</td>\n",
       "      <td>0.294159</td>\n",
       "      <td>1.000000</td>\n",
       "    </tr>\n",
       "  </tbody>\n",
       "</table>\n",
       "</div>"
      ],
      "text/plain": [
       "                HappinessRank  HappinessScore   Economy    Health   Freedom  \\\n",
       "HappinessRank        1.000000       -0.992774 -0.813244 -0.780716 -0.551608   \n",
       "HappinessScore      -0.992774        1.000000  0.812469  0.781951  0.570137   \n",
       "Economy             -0.813244        0.812469  1.000000  0.843077  0.369873   \n",
       "Health              -0.780716        0.781951  0.843077  1.000000  0.349827   \n",
       "Freedom             -0.551608        0.570137  0.369873  0.349827  1.000000   \n",
       "Generosity          -0.132620        0.155256 -0.019011  0.063191  0.316083   \n",
       "Trust               -0.405842        0.429080  0.350944  0.279752  0.499183   \n",
       "\n",
       "                Generosity     Trust  \n",
       "HappinessRank    -0.132620 -0.405842  \n",
       "HappinessScore    0.155256  0.429080  \n",
       "Economy          -0.019011  0.350944  \n",
       "Health            0.063191  0.279752  \n",
       "Freedom           0.316083  0.499183  \n",
       "Generosity        1.000000  0.294159  \n",
       "Trust             0.294159  1.000000  "
      ]
     },
     "execution_count": 7,
     "metadata": {},
     "output_type": "execute_result"
    }
   ],
   "source": [
    "df_2017.corr()"
   ]
  },
  {
   "cell_type": "code",
   "execution_count": 8,
   "metadata": {},
   "outputs": [],
   "source": [
    "df_2018 = pd.read_csv (r'2018_happiness.csv')\n",
    "\n",
    "df_2018 = df_2018.drop(columns=['Social_support'], axis = 1)\n",
    "\n",
    "#print(df_2018)"
   ]
  },
  {
   "cell_type": "code",
   "execution_count": 9,
   "metadata": {},
   "outputs": [
    {
     "data": {
      "text/html": [
       "<div>\n",
       "<style scoped>\n",
       "    .dataframe tbody tr th:only-of-type {\n",
       "        vertical-align: middle;\n",
       "    }\n",
       "\n",
       "    .dataframe tbody tr th {\n",
       "        vertical-align: top;\n",
       "    }\n",
       "\n",
       "    .dataframe thead th {\n",
       "        text-align: right;\n",
       "    }\n",
       "</style>\n",
       "<table border=\"1\" class=\"dataframe\">\n",
       "  <thead>\n",
       "    <tr style=\"text-align: right;\">\n",
       "      <th></th>\n",
       "      <th>HappinessRank</th>\n",
       "      <th>HappinessScore</th>\n",
       "      <th>Economy</th>\n",
       "      <th>Health</th>\n",
       "      <th>Freedom</th>\n",
       "      <th>Generosity</th>\n",
       "      <th>Trust</th>\n",
       "    </tr>\n",
       "  </thead>\n",
       "  <tbody>\n",
       "    <tr>\n",
       "      <th>HappinessRank</th>\n",
       "      <td>1.000000</td>\n",
       "      <td>-0.991749</td>\n",
       "      <td>-0.805897</td>\n",
       "      <td>-0.778700</td>\n",
       "      <td>-0.530786</td>\n",
       "      <td>-0.103602</td>\n",
       "      <td>-0.371133</td>\n",
       "    </tr>\n",
       "    <tr>\n",
       "      <th>HappinessScore</th>\n",
       "      <td>-0.991749</td>\n",
       "      <td>1.000000</td>\n",
       "      <td>0.802124</td>\n",
       "      <td>0.775814</td>\n",
       "      <td>0.544280</td>\n",
       "      <td>0.135825</td>\n",
       "      <td>0.405292</td>\n",
       "    </tr>\n",
       "    <tr>\n",
       "      <th>Economy</th>\n",
       "      <td>-0.805897</td>\n",
       "      <td>0.802124</td>\n",
       "      <td>1.000000</td>\n",
       "      <td>0.844273</td>\n",
       "      <td>0.332275</td>\n",
       "      <td>-0.011241</td>\n",
       "      <td>0.319582</td>\n",
       "    </tr>\n",
       "    <tr>\n",
       "      <th>Health</th>\n",
       "      <td>-0.778700</td>\n",
       "      <td>0.775814</td>\n",
       "      <td>0.844273</td>\n",
       "      <td>1.000000</td>\n",
       "      <td>0.355475</td>\n",
       "      <td>0.020751</td>\n",
       "      <td>0.315569</td>\n",
       "    </tr>\n",
       "    <tr>\n",
       "      <th>Freedom</th>\n",
       "      <td>-0.530786</td>\n",
       "      <td>0.544280</td>\n",
       "      <td>0.332275</td>\n",
       "      <td>0.355475</td>\n",
       "      <td>1.000000</td>\n",
       "      <td>0.297988</td>\n",
       "      <td>0.462446</td>\n",
       "    </tr>\n",
       "    <tr>\n",
       "      <th>Generosity</th>\n",
       "      <td>-0.103602</td>\n",
       "      <td>0.135825</td>\n",
       "      <td>-0.011241</td>\n",
       "      <td>0.020751</td>\n",
       "      <td>0.297988</td>\n",
       "      <td>1.000000</td>\n",
       "      <td>0.362249</td>\n",
       "    </tr>\n",
       "    <tr>\n",
       "      <th>Trust</th>\n",
       "      <td>-0.371133</td>\n",
       "      <td>0.405292</td>\n",
       "      <td>0.319582</td>\n",
       "      <td>0.315569</td>\n",
       "      <td>0.462446</td>\n",
       "      <td>0.362249</td>\n",
       "      <td>1.000000</td>\n",
       "    </tr>\n",
       "  </tbody>\n",
       "</table>\n",
       "</div>"
      ],
      "text/plain": [
       "                HappinessRank  HappinessScore   Economy    Health   Freedom  \\\n",
       "HappinessRank        1.000000       -0.991749 -0.805897 -0.778700 -0.530786   \n",
       "HappinessScore      -0.991749        1.000000  0.802124  0.775814  0.544280   \n",
       "Economy             -0.805897        0.802124  1.000000  0.844273  0.332275   \n",
       "Health              -0.778700        0.775814  0.844273  1.000000  0.355475   \n",
       "Freedom             -0.530786        0.544280  0.332275  0.355475  1.000000   \n",
       "Generosity          -0.103602        0.135825 -0.011241  0.020751  0.297988   \n",
       "Trust               -0.371133        0.405292  0.319582  0.315569  0.462446   \n",
       "\n",
       "                Generosity     Trust  \n",
       "HappinessRank    -0.103602 -0.371133  \n",
       "HappinessScore    0.135825  0.405292  \n",
       "Economy          -0.011241  0.319582  \n",
       "Health            0.020751  0.315569  \n",
       "Freedom           0.297988  0.462446  \n",
       "Generosity        1.000000  0.362249  \n",
       "Trust             0.362249  1.000000  "
      ]
     },
     "execution_count": 9,
     "metadata": {},
     "output_type": "execute_result"
    }
   ],
   "source": [
    "df_2018.corr()"
   ]
  },
  {
   "cell_type": "code",
   "execution_count": 10,
   "metadata": {},
   "outputs": [],
   "source": [
    "df_2019 = pd.read_csv (r'2019_happiness.csv')\n",
    "\n",
    "df_2019 = df_2019.drop(columns=['Social_support'], axis = 1)\n",
    "\n",
    "#print(df_2019)"
   ]
  },
  {
   "cell_type": "code",
   "execution_count": 11,
   "metadata": {},
   "outputs": [
    {
     "data": {
      "text/html": [
       "<div>\n",
       "<style scoped>\n",
       "    .dataframe tbody tr th:only-of-type {\n",
       "        vertical-align: middle;\n",
       "    }\n",
       "\n",
       "    .dataframe tbody tr th {\n",
       "        vertical-align: top;\n",
       "    }\n",
       "\n",
       "    .dataframe thead th {\n",
       "        text-align: right;\n",
       "    }\n",
       "</style>\n",
       "<table border=\"1\" class=\"dataframe\">\n",
       "  <thead>\n",
       "    <tr style=\"text-align: right;\">\n",
       "      <th></th>\n",
       "      <th>HappinessRank</th>\n",
       "      <th>HappinessScore</th>\n",
       "      <th>Economy</th>\n",
       "      <th>Health</th>\n",
       "      <th>Freedom</th>\n",
       "      <th>Generosity</th>\n",
       "      <th>Trust</th>\n",
       "    </tr>\n",
       "  </thead>\n",
       "  <tbody>\n",
       "    <tr>\n",
       "      <th>HappinessRank</th>\n",
       "      <td>1.000000</td>\n",
       "      <td>-0.989096</td>\n",
       "      <td>-0.801947</td>\n",
       "      <td>-0.787411</td>\n",
       "      <td>-0.546606</td>\n",
       "      <td>-0.047993</td>\n",
       "      <td>-0.351959</td>\n",
       "    </tr>\n",
       "    <tr>\n",
       "      <th>HappinessScore</th>\n",
       "      <td>-0.989096</td>\n",
       "      <td>1.000000</td>\n",
       "      <td>0.793883</td>\n",
       "      <td>0.779883</td>\n",
       "      <td>0.566742</td>\n",
       "      <td>0.075824</td>\n",
       "      <td>0.385613</td>\n",
       "    </tr>\n",
       "    <tr>\n",
       "      <th>Economy</th>\n",
       "      <td>-0.801947</td>\n",
       "      <td>0.793883</td>\n",
       "      <td>1.000000</td>\n",
       "      <td>0.835462</td>\n",
       "      <td>0.379079</td>\n",
       "      <td>-0.079662</td>\n",
       "      <td>0.298920</td>\n",
       "    </tr>\n",
       "    <tr>\n",
       "      <th>Health</th>\n",
       "      <td>-0.787411</td>\n",
       "      <td>0.779883</td>\n",
       "      <td>0.835462</td>\n",
       "      <td>1.000000</td>\n",
       "      <td>0.390395</td>\n",
       "      <td>-0.029511</td>\n",
       "      <td>0.295283</td>\n",
       "    </tr>\n",
       "    <tr>\n",
       "      <th>Freedom</th>\n",
       "      <td>-0.546606</td>\n",
       "      <td>0.566742</td>\n",
       "      <td>0.379079</td>\n",
       "      <td>0.390395</td>\n",
       "      <td>1.000000</td>\n",
       "      <td>0.269742</td>\n",
       "      <td>0.438843</td>\n",
       "    </tr>\n",
       "    <tr>\n",
       "      <th>Generosity</th>\n",
       "      <td>-0.047993</td>\n",
       "      <td>0.075824</td>\n",
       "      <td>-0.079662</td>\n",
       "      <td>-0.029511</td>\n",
       "      <td>0.269742</td>\n",
       "      <td>1.000000</td>\n",
       "      <td>0.326538</td>\n",
       "    </tr>\n",
       "    <tr>\n",
       "      <th>Trust</th>\n",
       "      <td>-0.351959</td>\n",
       "      <td>0.385613</td>\n",
       "      <td>0.298920</td>\n",
       "      <td>0.295283</td>\n",
       "      <td>0.438843</td>\n",
       "      <td>0.326538</td>\n",
       "      <td>1.000000</td>\n",
       "    </tr>\n",
       "  </tbody>\n",
       "</table>\n",
       "</div>"
      ],
      "text/plain": [
       "                HappinessRank  HappinessScore   Economy    Health   Freedom  \\\n",
       "HappinessRank        1.000000       -0.989096 -0.801947 -0.787411 -0.546606   \n",
       "HappinessScore      -0.989096        1.000000  0.793883  0.779883  0.566742   \n",
       "Economy             -0.801947        0.793883  1.000000  0.835462  0.379079   \n",
       "Health              -0.787411        0.779883  0.835462  1.000000  0.390395   \n",
       "Freedom             -0.546606        0.566742  0.379079  0.390395  1.000000   \n",
       "Generosity          -0.047993        0.075824 -0.079662 -0.029511  0.269742   \n",
       "Trust               -0.351959        0.385613  0.298920  0.295283  0.438843   \n",
       "\n",
       "                Generosity     Trust  \n",
       "HappinessRank    -0.047993 -0.351959  \n",
       "HappinessScore    0.075824  0.385613  \n",
       "Economy          -0.079662  0.298920  \n",
       "Health           -0.029511  0.295283  \n",
       "Freedom           0.269742  0.438843  \n",
       "Generosity        1.000000  0.326538  \n",
       "Trust             0.326538  1.000000  "
      ]
     },
     "execution_count": 11,
     "metadata": {},
     "output_type": "execute_result"
    }
   ],
   "source": [
    "df_2019.corr()"
   ]
  },
  {
   "cell_type": "code",
   "execution_count": null,
   "metadata": {},
   "outputs": [],
   "source": []
  }
 ],
 "metadata": {
  "kernelspec": {
   "display_name": "Python 3",
   "language": "python",
   "name": "python3"
  },
  "language_info": {
   "codemirror_mode": {
    "name": "ipython",
    "version": 3
   },
   "file_extension": ".py",
   "mimetype": "text/x-python",
   "name": "python",
   "nbconvert_exporter": "python",
   "pygments_lexer": "ipython3",
   "version": "3.7.4"
  }
 },
 "nbformat": 4,
 "nbformat_minor": 4
}
